[[2.88739, 0.72647, 3.98849, 0.06818],
[3.16759, 0.70479, 4.0, 0.07026],
[3.45517, 0.69218, 4.0, 0.07196],
[3.75325, 0.68581, 3.77521, 0.07897],
[4.07281, 0.68361, 3.15803, 0.10119],
[4.5, 0.68376, 2.74886, 0.15541],
[4.55, 0.68378, 2.42015, 0.02066],
[5.11738, 0.6908, 2.15197, 0.26368],
[5.44798, 0.71123, 1.90448, 0.17392],
[5.71127, 0.74223, 1.68885, 0.15697],
[5.94137, 0.78496, 1.46599, 0.15965],
[6.14913, 0.84078, 1.46599, 0.14674],
[6.33676, 0.91067, 1.46599, 0.13658],
[6.50352, 0.99484, 1.42842, 0.13077],
[6.64763, 1.09336, 1.3, 0.13428],
[6.76715, 1.2064, 1.3, 0.12655],
[6.8579, 1.33509, 1.3, 0.12113],
[6.92194, 1.47647, 1.3, 0.11939],
[6.96027, 1.62797, 1.3, 0.12022],
[6.9669, 1.78881, 1.3, 0.12382],
[6.92977, 1.95515, 1.36135, 0.1252],
[6.8538, 2.1191, 1.36135, 0.13273],
[6.72693, 2.26842, 1.68002, 0.11662],
[6.56583, 2.39791, 1.94962, 0.10602],
[6.38076, 2.50633, 2.29824, 0.09333],
[6.18037, 2.59603, 2.85205, 0.07698],
[5.97126, 2.67207, 4.0, 0.05563],
[5.75829, 2.7411, 3.52258, 0.06356],
[5.55881, 2.81131, 3.52258, 0.06003],
[5.36088, 2.88624, 3.52258, 0.06008],
[5.16456, 2.96629, 3.52258, 0.06019],
[4.96989, 3.05191, 3.52258, 0.06037],
[4.77697, 3.14378, 3.52258, 0.06066],
[4.58661, 3.2454, 4.0, 0.05395],
[4.39799, 3.3542, 4.0, 0.05444],
[4.21046, 3.4676, 3.55007, 0.06173],
[4.02348, 3.58333, 3.01133, 0.07303],
[3.85069, 3.68988, 2.64103, 0.07686],
[3.68265, 3.79114, 2.64103, 0.07429],
[3.51884, 3.8857, 2.64103, 0.07161],
[3.35641, 3.97362, 2.61944, 0.07051],
[3.19259, 4.05427, 2.45884, 0.07426],
[3.02555, 4.12572, 2.29479, 0.07917],
[2.85392, 4.18548, 2.11207, 0.08604],
[2.67755, 4.234, 1.96027, 0.09332],
[2.49619, 4.27141, 1.71517, 0.10797],
[2.3088, 4.29611, 1.53552, 0.12309],
[2.11374, 4.30523, 1.53552, 0.12717],
[1.90856, 4.29409, 1.53552, 0.13382],
[1.68968, 4.25391, 1.53552, 0.14493],
[1.45388, 4.16915, 1.53552, 0.16319],
[1.21119, 4.00653, 1.53552, 0.19025],
[1.01923, 3.74402, 1.61197, 0.20175],
[0.92221, 3.42051, 2.15478, 0.15675],
[0.88927, 3.10444, 2.50133, 0.12704],
[0.89601, 2.82076, 2.47437, 0.11468],
[0.92405, 2.56281, 2.27496, 0.11405],
[0.96605, 2.3246, 2.11534, 0.11435],
[1.01803, 2.11229, 1.86323, 0.11732],
[1.08079, 1.91513, 1.67506, 0.12352],
[1.15514, 1.73108, 1.67506, 0.1185],
[1.24162, 1.56015, 1.67506, 0.11436],
[1.34113, 1.40324, 1.67506, 0.11092],
[1.45473, 1.26109, 1.67506, 0.10863],
[1.58653, 1.13641, 1.67506, 0.10831],
[1.74473, 1.03229, 2.03258, 0.09318],
[1.92656, 0.94305, 2.29484, 0.08826],
[2.13282, 0.86779, 2.57199, 0.08537],
[2.36411, 0.8068, 2.96619, 0.08064],
[2.61751, 0.75992, 3.4335, 0.07505]]